Sample Data (500 sets)
//Rounded Data of 3 + trials -> 500 sets
Past Data for AI-Engine (n=500)			
	Enviromental Data		
Protein Biomarker	Temperature(C) 	pH	Binding Efficacy (aM)
VGEFR	22	4	5.939564231
HIF-1	33	6	6.424357619
EGFR	41	7	7.86173775
BRCA-1	24	3	2.77505013
SDC-1	26	5	5.621138661
PVT-1	34	6	6.12885679
DCP	44	9	9.125222932
PD-L1	42	9	9.085672837
CD44	33	6	2.891503181
VGEFR	34	7	8.923571098
HIF-1	29	5	2.233703782
EGFR	31	6	7.378498529
BRCA-1	43	7	8.315943757
SDC-1	41	10	4.062502136
PVT-1	55	10	4.980023501
DCP	57	5	4.051271813
PD-L1	44	3	5.397598094
CD44	28	4	1.132120698
VGEFR	53	8	9.881029647
HIF-1	29	8	7.778172597
EGFR	42	11	8.628460253
BRCA-1	41	3	5.166969326
SDC-1	20	7	7.945163888
PVT-1	30	7	7.321056995
DCP	27	7	8.130175822
PD-L1	34	7	9.559073024
CD44	57	6	2.940867832
VGEFR	35	10	5.018797173
HIF-1	21	11	3.435442701
EGFR	23	10	2.674521009
BRCA-1	25	9	6.271793075
SDC-1	44	12	9.411541757
PVT-1	34	10	4.828988416
DCP	34	6	1.747802621
PD-L1	20	7	7.073594549
CD44	29	7	8.379565512
VGEFR	32	7	9.066517092
HIF-1	23	12	6.062966701
EGFR	48	4	4.68711905
BRCA-1	23	6	8.380475239
SDC-1	53	3	6.220679648
PVT-1	35	5	4.65038927
DCP	40	9	2.234096788
PD-L1	38	9	1.85390038
CD44	22	11	9.865033516
VGEFR	44	6	7.728919812
HIF-1	58	10	2.623978379
EGFR	24	9	5.629386429
BRCA-1	51	8	4.80012671
SDC-1	22	9	8.905398294
PVT-1	50	12	8.954350186
DCP	42	5	9.221071045
PD-L1	47	9	7.050249704
CD44	24	6	6.707013377
VGEFR	44	12	7.932400133
HIF-1	59	5	7.221815719
EGFR	35	12	4.915066863
BRCA-1	38	4	8.366697705
SDC-1	55	7	6.641195406
PVT-1	25	10	4.619826116
DCP	57	4	8.447251717
PD-L1	48	8	7.907733234
CD44	26	12	3.702071113
VGEFR	48	10	3.752386738
HIF-1	31	4	4.845413395
EGFR	37	4	4.480968616
BRCA-1	41	9	7.643219131
SDC-1	25	6	2.78419597
PVT-1	38	3	8.901017528
DCP	58	8	7.596520714
PD-L1	50	12	4.074607381
CD44	32	7	3.051879231
VGEFR	52	5	8.818667786
HIF-1	45	3	5.361567104
EGFR	32	9	1.090643434
BRCA-1	37	11	8.351622371
SDC-1	20	8	4.441028767
PVT-1	44	9	5.086805955
DCP	30	9	4.174540751
PD-L1	41	7	3.263453872
CD44	24	4	5.152834495
VGEFR	52	9	6.656391191
HIF-1	20	9	4.76213344
EGFR	52	7	9.90357028
BRCA-1	49	6	4.512840741
SDC-1	37	6	1.86962396
PVT-1	30	5	9.537922347
DCP	20	3	3.075190094
PD-L1	38	9	1.96824509
CD44	20	9	6.557410944
VGEFR	58	8	6.482426835
HIF-1	23	8	8.648779419
EGFR	21	7	8.84301081
BRCA-1	58	7	5.652472835
SDC-1	30	11	8.667454887
PVT-1	40	9	4.14409098
DCP	38	9	7.159695505
PD-L1	20	8	1.549517963
CD44	37	11	1.804692808
VGEFR	31	9	1.909311165
HIF-1	35	6	7.753798136
EGFR	55	11	5.030067201
BRCA-1	20	3	6.593055222
SDC-1	37	10	7.996711006
PVT-1	50	4	3.57030657
DCP	39	7	1.746348302
PD-L1	46	3	3.98152564
CD44	35	4	5.819546944
VGEFR	48	12	3.994034954
HIF-1	35	8	8.759646956
EGFR	48	7	5.566755491
BRCA-1	51	10	2.941563558
SDC-1	47	10	8.558510732
PVT-1	51	4	7.910739056
DCP	58	9	3.478480733
PD-L1	54	4	5.898294304
CD44	50	12	2.402580555
VGEFR	39	4	2.863493371
HIF-1	56	6	1.270850382
EGFR	43	8	1.778465961
BRCA-1	58	12	3.399572489
SDC-1	56	5	2.507470307
PVT-1	23	11	9.534057297
DCP	45	3	5.4041581
PD-L1	46	8	5.970761026
CD44	38	10	5.031312497
VGEFR	20	6	2.168192232
HIF-1	25	6	4.339974177
EGFR	20	5	6.213049947
BRCA-1	46	7	9.385952729
SDC-1	49	10	2.520036341
PVT-1	20	4	1.634330242
DCP	56	7	5.120201711
PD-L1	56	11	2.04514008
CD44	48	9	9.873547017
VGEFR	40	5	4.150069013
HIF-1	58	7	6.357600401
EGFR	47	11	8.94051369
BRCA-1	51	11	6.106077327
SDC-1	24	11	1.576959238
PVT-1	24	12	3.262460196
DCP	39	7	8.199424398
PD-L1	57	11	8.674910893
CD44	46	12	7.735244299
VGEFR	31	11	2.484540909
HIF-1	51	3	1.845941267
EGFR	55	4	4.482483009
BRCA-1	42	7	1.577248361
SDC-1	29	10	6.95686377
PVT-1	31	4	7.938943723
DCP	23	4	5.58369704
PD-L1	43	8	1.37315856
CD44	32	3	1.691565474
VGEFR	59	7	3.715939629
HIF-1	35	9	8.145035332
EGFR	44	5	1.927447247
BRCA-1	36	8	1.232959485
SDC-1	43	4	7.187214726
PVT-1	40	11	2.542699521
DCP	34	4	9.314002178
PD-L1	39	8	1.468027725
CD44	28	7	7.282153929
VGEFR	37	3	6.995811989
HIF-1	53	5	3.540885526
EGFR	43	8	4.893981258
BRCA-1	49	7	6.088047263
SDC-1	43	5	9.670737539
PVT-1	47	5	2.759739083
DCP	20	4	5.37319642
PD-L1	32	6	4.941419955
CD44	24	5	1.76388698
VGEFR	33	11	8.120211085
HIF-1	26	10	5.867742598
EGFR	48	10	5.132903956
BRCA-1	57	5	3.672889546
SDC-1	35	5	6.136377321
PVT-1	21	5	8.638885354
DCP	25	10	4.768895293
PD-L1	21	5	9.999823629
CD44	41	12	9.479982723
VGEFR	51	3	1.92135892
HIF-1	57	6	5.896716291
EGFR	44	11	7.795221326
BRCA-1	28	11	2.444427602
SDC-1	48	7	9.137870145
PVT-1	41	10	2.344728381
DCP	28	6	8.147864014
PD-L1	48	5	1.933781183
CD44	57	10	5.306207043
VGEFR	20	9	5.854820297
HIF-1	23	6	3.952914091
EGFR	49	3	6.722700759
BRCA-1	53	5	2.409491817
SDC-1	49	12	7.991920529
PVT-1	45	8	7.449724257
DCP	35	12	6.905986521
PD-L1	46	6	7.149527633
CD44	30	9	7.003660229
VGEFR	40	10	1.910702281
HIF-1	25	4	3.910607849
EGFR	47	7	2.683859583
BRCA-1	39	12	6.273039099
SDC-1	44	8	4.683898232
PVT-1	29	3	4.178384926
DCP	56	11	7.659077182
PD-L1	59	6	6.257923927
CD44	54	5	7.644521388
VGEFR	58	4	7.644111473
HIF-1	36	6	8.096054281
EGFR	50	8	5.843436191
BRCA-1	59	4	9.994379338
SDC-1	38	8	7.431757304
PVT-1	32	5	4.457235356
DCP	26	4	9.846760085
PD-L1	38	8	4.26327813
CD44	53	9	3.770490237
VGEFR	23	9	1.531740394
HIF-1	57	7	7.008630666
EGFR	48	8	5.31270336
BRCA-1	33	5	3.992607322
SDC-1	58	11	4.610974231
PVT-1	57	7	8.181737943
DCP	29	3	7.119645511
PD-L1	25	8	3.617069708
CD44	35	3	8.795593914
VGEFR	53	8	4.583508353
HIF-1	22	10	4.127222547
EGFR	45	3	2.945184214
BRCA-1	26	9	2.174095321
SDC-1	57	8	2.919202673
PVT-1	43	6	4.988788961
DCP	20	8	2.299077132
PD-L1	25	12	4.04395138
CD44	24	4	1.900997119
VGEFR	29	7	7.603512361
HIF-1	33	6	6.018958819
EGFR	46	9	9.308141788
BRCA-1	38	9	9.189685409
SDC-1	24	12	6.443933437
PVT-1	52	9	8.601776041
DCP	36	4	3.673085017
PD-L1	42	7	5.067875321
CD44	33	10	5.309821927
VGEFR	34	4	5.911705382
HIF-1	24	8	6.298389792
EGFR	54	4	3.217020994
BRCA-1	57	9	7.807671555
SDC-1	31	8	9.222036195
PVT-1	36	11	8.104513495
DCP	45	8	4.815364518
PD-L1	35	8	9.051471037
CD44	36	6	1.958349657
VGEFR	49	8	2.031327913
HIF-1	23	8	3.799833005
EGFR	53	3	7.307926866
BRCA-1	39	7	2.404496798
SDC-1	30	6	2.158751189
PVT-1	26	4	9.542168889
DCP	54	12	2.568101566
PD-L1	43	12	7.30573514
CD44	33	8	2.750029604
VGEFR	46	3	1.378040274
HIF-1	37	12	3.317470401
EGFR	57	11	4.257477829
BRCA-1	30	7	1.958904311
SDC-1	20	9	6.397613651
PVT-1	52	8	7.097688805
DCP	44	10	6.003469211
PD-L1	36	6	4.153823806
CD44	55	3	8.657040493
VGEFR	46	6	6.805902647
HIF-1	46	5	5.283795756
EGFR	27	7	3.555518451
BRCA-1	24	5	8.502539508
SDC-1	39	9	6.061219804
PVT-1	32	12	9.670997604
DCP	39	12	7.158672075
PD-L1	27	3	5.012231098
CD44	21	3	1.383005061
VGEFR	31	5	9.911641087
HIF-1	28	11	5.714087202
EGFR	36	5	6.655610432
BRCA-1	24	3	5.371944164
SDC-1	51	7	5.651073221
PVT-1	36	6	5.884657832
DCP	34	9	8.14651692
PD-L1	46	4	2.562366896
CD44	51	5	6.060672339
VGEFR	57	9	2.556622708
HIF-1	27	3	6.122689196
EGFR	40	8	4.123103784
BRCA-1	58	7	4.809765479
SDC-1	30	7	6.686992418
PVT-1	50	7	4.723468614
DCP	44	8	1.124194081
PD-L1	33	5	2.02848383
CD44	38	8	5.998699732
VGEFR	28	12	7.356940189
HIF-1	22	7	3.658047862
EGFR	51	5	3.393175744
BRCA-1	42	12	4.296946813
SDC-1	29	12	4.948781972
PVT-1	49	9	9.706207315
DCP	44	9	9.232604616
PD-L1	44	11	7.173375662
CD44	41	12	7.747310497
VGEFR	51	11	5.276639721
HIF-1	36	7	8.60100645
EGFR	39	3	5.389113133
BRCA-1	41	8	2.322697344
SDC-1	24	12	2.00153392
PVT-1	59	7	4.593180673
DCP	38	7	4.283395681
PD-L1	49	9	4.74305086
CD44	33	12	3.081861161
VGEFR	39	10	9.787148313
HIF-1	24	7	3.141403065
EGFR	41	10	9.036035533
BRCA-1	20	3	4.192500948
SDC-1	36	12	7.591502014
PVT-1	27	4	1.573085726
DCP	27	10	9.95193051
PD-L1	24	7	7.720520444
CD44	26	8	4.447434926
VGEFR	46	6	6.604189306
HIF-1	36	8	6.732503414
EGFR	40	3	6.499235622
BRCA-1	37	12	4.289526512
SDC-1	39	12	3.36134414
PVT-1	43	5	5.059800064
DCP	58	8	4.021971271
PD-L1	59	9	1.404725303
CD44	53	10	5.944997372
VGEFR	42	11	5.609931332
HIF-1	39	6	3.971978124
EGFR	44	12	1.845559751
BRCA-1	30	12	2.32713457
SDC-1	43	6	6.669163373
PVT-1	58	5	8.788748004
DCP	52	6	6.851469903
PD-L1	54	4	8.885150413
CD44	25	6	2.083091456
VGEFR	53	11	9.906016373
HIF-1	27	3	4.31124544
EGFR	39	12	8.488886401
BRCA-1	40	3	4.404409748
SDC-1	34	11	1.243022947
PVT-1	45	10	1.159914487
DCP	48	5	6.894778902
PD-L1	28	7	5.480758787
CD44	50	4	4.508143177
VGEFR	38	10	8.745022839
HIF-1	23	4	5.569212297
EGFR	41	11	6.881366611
BRCA-1	52	9	4.882793544
SDC-1	48	7	6.620100317
PVT-1	26	12	1.962596555
DCP	20	9	9.499669053
PD-L1	31	6	8.693548945
CD44	30	6	5.927208186
VGEFR	44	6	2.686345749
HIF-1	43	3	9.388826722
EGFR	26	6	7.751704845
BRCA-1	39	5	6.515815815
SDC-1	38	9	2.006851065
PVT-1	22	6	2.388029337
DCP	28	7	7.142050422
PD-L1	57	5	8.211855447
CD44	52	8	9.563706093
VGEFR	24	10	5.379705948
HIF-1	44	6	4.376412495
EGFR	28	3	9.198655441
BRCA-1	36	11	3.243854691
SDC-1	43	7	4.081237608
PVT-1	30	7	4.992565478
DCP	28	3	3.300553464
PD-L1	33	12	8.698997069
CD44	22	8	4.119489957
VGEFR	29	3	3.875394587
HIF-1	31	4	4.070344175
EGFR	38	12	7.080503236
BRCA-1	20	7	3.762469909
SDC-1	37	12	9.804737704
PVT-1	47	11	4.973315661
DCP	35	8	9.184246581
PD-L1	27	5	1.089624238
CD44	48	10	3.993116918
VGEFR	48	6	8.633481173
HIF-1	42	5	4.347186613
EGFR	24	8	6.570787533
BRCA-1	30	7	2.666618884
SDC-1	57	9	5.06171692
PVT-1	21	6	8.118190565
DCP	37	5	2.993503376
PD-L1	58	4	5.063458451
CD44	58	9	3.020860366
VGEFR	48	4	5.93749963
HIF-1	38	12	4.429423413
EGFR	46	4	9.577314799
BRCA-1	29	5	2.199437482
SDC-1	32	5	2.802410863
PVT-1	46	4	4.462718194
DCP	28	8	5.156303703
PD-L1	40	11	9.663524581
CD44	34	3	3.171157053
VGEFR	55	12	3.21690254
HIF-1	28	3	8.483500199
EGFR	42	10	6.135365719
BRCA-1	31	11	1.162631795
SDC-1	31	5	4.811214604
PVT-1	40	9	9.911207361
DCP	49	6	2.007707281
PD-L1	31	11	4.446523108
CD44	26	12	6.753653823
VGEFR	53	6	3.598709806
HIF-1	34	5	8.644419306
EGFR	26	7	7.086580444
BRCA-1	40	12	2.435020852
SDC-1	47	8	2.812038559
PVT-1	41	5	3.440822191
DCP	41	7	8.99915555
PD-L1	37	9	4.326767599
CD44	30	7	6.884311813
VGEFR	28	4	4.321239928
HIF-1	44	3	4.619819444
EGFR	34	6	5.705201484
BRCA-1	30	3	3.906509509
SDC-1	46	4	1.836652005
PVT-1	40	8	5.832776926
DCP	47	12	1.725558563
PD-L1	43	7	1.821069567
CD44	41	4	2.791917216
VGEFR	21	8	3.210956389
HIF-1	36	10	2.451690486
EGFR	25	9	5.224496682
BRCA-1	47	5	9.379896532
SDC-1	31	5	7.139075228
PVT-1	42	12	3.010584768
DCP	21	8	2.850197589
PD-L1	42	5	3.128899546
CD44	48	3	1.447637545
VGEFR	26	7	3.38566375
HIF-1	39	6	5.399059274
EGFR	54	7	5.58023514
BRCA-1	52	11	1.77274116
SDC-1	29	4	5.488786674
PVT-1	47	5	2.112818488
DCP	44	12	2.504245968
PD-L1	45	4	7.974730565
CD44	30	12	7.058104852
VGEFR	46	3	8.244060819
HIF-1	22	11	7.636057909
EGFR	39	7	4.598148816
BRCA-1	25	7	9.617394176
SDC-1	42	10	2.366728053
PVT-1	37	10	5.366378054
DCP	45	4	8.536104894
PD-L1	27	4	6.202220598
CD44	56	5	5.292302643
VGEFR	24	7	1.558026047
HIF-1	35	4	1.774086133
EGFR	44	4	2.809264427
BRCA-1	45	3	4.209372067
SDC-1	47	4	1.675485457
PVT-1	36	10	4.331412639
DCP	30	3	4.557363366
PD-L1	22	4	9.548072655
CD44	58	12	9.712612543
VGEFR	20	5	8.292939704
HIF-1	21	6	4.362302752
EGFR	37	3	6.985943812
BRCA-1	29	4	1.98274269
SDC-1	20	10	6.129280783
PVT-1	35	10	6.522115542
DCP	47	7	2.958017727
PD-L1	22	12	5.695783971
CD44	33	12	6.340742252
VGEFR	21	10	8.985624976
HIF-1	42	11	4.011507335
EGFR	56	3	3.388493675
BRCA-1	29	10	5.82831464
SDC-1	52	9	7.234193671
PVT-1	29	11	4.354243742
DCP	50	5	1.696977016
PD-L1	49	5	3.294488904
CD44	36	10	1.645116885
VGEFR	53	5	8.986052841
HIF-1	36	12	5.664559628
EGFR	27	6	3.407326595
BRCA-1	31	7	3.924826644
SDC-1	29	7	7.873552842
PVT-1	58	11	5.763526023
DCP	49	9	9.423125654
PD-L1	30	8	2.701046257
CD44	33	4	8.731389885
VGEFR	55	4	1.075826218
HIF-1	29	7	7.456189532
EGFR	28	5	6.64526613
BRCA-1	43	5	3.10672015
SDC-1	30	5	7.625699487
PVT-1	54	12	7.608620665
DCP	36	9	5.560384315
PD-L1	44	4	9.628786129
CD44	42	12	7.686267503
VGEFR	56	8	1.728724391
HIF-1	36	8	1.713083898
EGFR	38	7	2.481720225
BRCA-1	59	9	9.992500375
SDC-1	26	10	7.653520517
PVT-1	53	11	4.316494266
DCP	23	8	5.386256075
PD-L1	49	6	2.184561476
CD44	22	11	7.409028423
VGEFR	51	10	3.475913253
HIF-1	29	10	3.634805332
EGFR	32	6	7.478386141
BRCA-1	52	8	9.991401039
SDC-1	28	9	5.098839546
PVT-1	35	4	2.014407865
DCP	52	12	6.514454754
PD-L1	36	10	4.032649745
CD44	37	10	8.240291571
VGEFR	53	7	5.77334598
HIF-1	59	11	6.57106685
EGFR	26	6	2.866616652
BRCA-1	27	7	7.105372445
SDC-1	44	5	4.139752758
PVT-1	49	9	8.845031716
DCP	30	9	5.254012589
PD-L1	24	3	8.463256382
CD44	23	6	3.284337231
VGEFR	48	3	2.300534675
HIF-1	30	3	2.299755108
EGFR	32	4	4.540256485
BRCA-1	46	6	4.034383982
SDC-1	53	9	4.66604505
PVT-1	25	6	2.901503707
DCP	41	6	2.554357979
PD-L1	57	11	8.092476586
CD44	56	3	9.51948352
VGEFR	26	7	2.405204969
HIF-1	21	8	8.929578319
EGFR	40	10	7.99093231
BRCA-1	49	5	5.043462649
SDC-1	34	6	8.011621992
PVT-1	46	11	9.885737564
DCP	53	3	1.521723341
PD-L1	35	8	5.955273823
CD44	51	5	2.877239837
VGEFR	41	11	3.537708493
HIF-1	55	9	1.921703636
EGFR	57	12	5.320388824
BRCA-1	44	9	5.7835993
SDC-1	28	5	3.857931693
PVT-1	53	9	6.664241111
DCP	29	4	6.443598838
PD-L1	42	10	3.711027943
CD44	41	10	4.856964632
